c101.txt: 999.4675136280747 Found in 2.717s
c102.txt: 1271.7757274560274 Found in 2.821s
c103.txt: 1860.6517105525472 Found in 2.393s
